158388040
707057570
241741372
686617364
253005469
350079989
560836007
322103252
412419084
704914380
224593036
618350852
735212085
551149968
131239468
599490023
190259199
427760590
040253250
454637740
747653564
086130104
955229652
040278061
844348663
084736292
811644928
603503348
113005290
317467924
337133478
577607614
780384540
218314886
506597451
996355557
812982189
201047563
753746076
688172460
676564085
091281559
549433891
696577272
475642195
518398763
614116723
851985534
246933107
206504353
722601936
321394231
770796086
235352975
473100400
137807160
253742161
838040028
442064310
290578586
913461954
810497375
857730031
737015681
172238204
266747822
352711700
922679610
858360477
110129489
085427066
740118192
251296833
258135663
748344702
125663066
092887457
257666411
577424639
029502840
868785127
433437105
101835436
924517068
969724332
798083560
950689613
286247733
116325531
787859682
328556776
615665716
752461325
186570962
407719342
017095362
897403026
894689339
255938897
670713784
323449427
501920795
436811356
741958450
764478810
450816410
168777528
375018246
752141341
186060112
974271891
008152501
877401308
033393224
102379515
236611157
751516675
169307999
638820661
717452826
499271062
297210449
091886000
514758507
238901177
916654189
944033881
638190538
231006970
983735096
558527031
509264482
967128169
750303088
748539736
082777116
144881592
922956941
052476816
327064207
638854420
437813485
043039693
090346629
791682756
302044900
322775528
800222003
795434985
431742871
150
